0A 4C 63 66 4D 61 70 54 72 65 65 (LcfMapTree)

82 29 (297 maps (0 = title, 296 maps))

00 (Map #0)
01 09 56 65 6C 73 61 72 62 6F 72 (Velsarbor)
04 01 00
07 01 01
0B 01 00
0C 08 01 05 28 4F 46 46 29 00
15 01 00
1F 01 00
20 01 00
21 01 00
29 01 00
2C 01 00
33 10 00 00 00 00 00 00 00 00 00 00 00 00 00 00 00 00
00

01 (Map #1)
01 16 2D 2D 2D 2D 2D 2D 3E 44 61 73 2D 4B 61 6D 70 66 73 79 73 74 65 6D (------>Das-Kampfsystem)
03 01 01
04 01 01
07 01 01
0B 01 01
0C 08 01 05 28 4F 46 46 29 00
15 01 01
1F 01 01
20 01 01
21 01 01
29 01 00
33 10 00 00 00 00 00 00 00 00 00 00 00 00 00 00 00 00
00

...

82 28 (Map #296)
01 11 56 6F 72 20 48 65 6C 6E 6F 76 20 42 41 54 54 4C 45 (Vor Helnov BATTLE)
02 02 82 27 (Parent Map = 295)
03 01 04
04 01 01
06 02 82 32
0B 01 00
0C 08 01 05 28 4F 46 46 29 00
15 01 00
1F 01 00
20 01 00
21 01 00
29 01 00
33 10 00 00 00 00 00 00 00 00 00 00 00 00 00 00 00 00
00

This is where it stops making any sense.

82 29 (Map #297)
00

01 04
02 07 81 00 81 0F 81 10 03 05 06 0E
77 82 17 08 0A 09 0B 0C 10 31 64 65 76 81 03 81 04 81 05 81 06 81 08 81 09 81 0A 81 07 81 0B 81 11 81 2B 81 31 81 52 81 73 0F 11 1C 0D 12 13 14 15 16 17 18 19 1A 1B 1D 1E 1F 20 21 22 23 24 25 26 27 28 2A 2B 2C 2D 2E 32 33 34 2F 30 29 35 36 37 38 39 3A 3B 52 3C 3D 3F 40 41 42 43 44 45 46 47 48 49 4A 4B 4C 4D 4E 81 63 3E 53 54 55 56 57 58 59 5A 5B 5C 5E 5F 60 61 62 63 66 67 68 69 6A 6B 6C 6D 6E 6F 5D 82 16 4F 50 51 70 71 72 73 74 75 78 79 7B 7A 7C 7D 7E 7F 81 01 81 02 81 0C 81 0D 81 0E 81 12 81 13 81 14 81 15 81 5D 81 16 81 17 81 18 81 19 81 1A 81 1B 81 1C 81 1D 81 1E 81 1F 81 20 81 21 81 22 81 23 81 24 81 25 81 26 81 27 81 28 81 29 81 2A 81 2C 81 2D 81 2E 81 2F 81 30 81 32 81 33 81 34 81 57 81 56 81 58 81 59 81 5A 81 5B 81 35 81 36 81 37 81 38 81 39 81 3A 81 3B 81 3D 81 3E 81 3F 81 3C 81 40 81 41 81 42 81 43 81 45 81 44 81 46 81 47 81 48 81 49 81 4A 81 4B 81 4C 81 4D 81 4E 81 4F 81 50 81 51 81 53 81 54 81 55 81 5C 82 0C 81 5E 81 5F 81 60 81 64 81 65 81 66 81 67 81 68 81 69 81 6A 81 6C 81 6D 81 6E 81 6B 81 6F 81 70 81 71 82 0E 82 0F 82 10 82 11 82 12 82 0D 82 13 82 14 82 15 82 27 82 28 81 72 82 01 81 75 81 76 81 77 81 78 82 19 82 1A 81 79 82 03 82 04 82 05 82 06 82 1B 82 02 82 07 82 08 82 18 82 22 81 7A 81 7B 81 7C 81 74 81 7D 81 7E 81 7F 82 00 82 09 82 0A 82 0B 82 1C 82 1D 82 1E 82 1F 82 20 82 21 82 24 82 25 82 26 82 23 81 61 81 62 10 01 01 10 03 01 0E 00
